418612
454725
838002
841845
877190
1104013
1122054
1135353
1416986
1451501
1474493
1607541
2022442
2093227
2165438
2167632
2169188
2171272
2172939
2179044
2181393
2182249
2209950
2241244
2346622
2450176
2673888
3087571
3217246
3289226
3313687
3742538
4031713
4326797
4442486
4489774
4490446
4490573
4490878
4493196
4493204
4493999
4494203
4494347
4684652
5170809
5171050
5171051
5171487
5171749
5171796
5172075
5173477
5175014
5175137
5177833
5178991
5178999
5180918
5181591
5181606
5182668
5182774
5182804
5182958
5183073
5184114
5184417
5186049
5186052
5186888
5187065
5187359
5188149
5189825
5189910
5190336
5190511
5190931
5191212
5192480
5192513
5192532
5193347
5193483
5193540
5193609
5194813
5195230
5195427
5196079
5249679
5253756
5263059
5268400
5295226
5302280
5303348
5303822
5899270
5996712
6029918
6030906
6035223
6038249
6042727
6043988
6047874
6049733
6121096
6170333
6191300
6210230
6218200
6236561
6300207
6310932
6312671
6317308
6341807
6342919
6353417
6355872
6356263
6382602
6400020
6400486
6401128
6401718
6401903
6402612
6402647
6405132
6405621
6405933
6405937
6405941
6405942
6405944
6409641
6410696
6411614
6415242
6415853
6416667
6428232
6428962
6450574
6452742
6456241
6459503
6487462
6503784
6524671
6533614
6551099
6582817
6605986
6612348
6613990
6621733
6623644
6624180
6624252
6626521
6627214
6627341
6627709
6628774
6630104
6635776
6635954
6637603
6637608
6637649
6637947
6639588
6642535
6645499
6646336
6646943
6649127
6649531
6652408
6654287
6654294
6655561
6655803
6660088
6660908
6663543
6664783
6666488
6676313
6685439
6696389
6696752
6701830
6703168
6703946
6717876
6717903
6719574
6724643
6735238
6735708
6738236
6739495
6740014
6740261
6748356
6748660
6749008
6760057
6765001
6765492
6778030
6780487
6786513
6789292
6793823
6796284
6800206
6809129
6813043
6817478
6821690
6824173
6825933
6826269
6826353
6828161
6828210
6829476
6832499
6838244
6839327
6839994
6840702
6840805
6840841
6840912
6840970
6840980
6841041
6841084
6841164
6926570
6930594
6935795
6938224
6939230
6940730
6942135
6949369
6950888
6952239
6952606
6953904
6955700
6955849
6956820
6959591
6960805
6960806
6961270
6962545
6963013
6964405
6964932
6965364
6965514
6966171
6966424
6966486
6968161
6970381
6971747
6972561
6973406
6976400
6978608
6979888
6980424
6980892
6983695
6984651
6985191
6985534
6986568
6986606
6987901
6988920
6989998
6990600
6990816
6991005
6991703
6992610
6992663
6992694
6992830
6993387
6993781
6996187
6997590
6998315
6999245
6999478
7000260
7000421
7001729
7002728
7004191
7004745
7005031
7005497
7005587
7006717
7007401
7008781
7009021
7009690
7010034
7010042
7010112
7010122
7011154
7011367
7011393
7011557
7013297
7014644
7015532
7015540
7016434
7016562
7017090
7017267
7017606
7017770
7017895
7019171
7019457
7019786
7020000
7021753
7021890
7022003
7022062
7022188
7022306
7023251
7023693
7024488
7024571
7025450
7026444
7026623
7026635
7026666
7026950
7026983
7027692
7027999
7028168
7028409
7028457
7030035
7031135
7032566
7032963
7032990
7035207
7035667
7036518
7036580
7036991
7037434
7038194
7039084
7039352
7041371
7041552
7041643
7041842
7042746
7042780
7042878
7043276
7043339
7043764
7044688
7045374
7046178
7046481
7046511
7046562
7047083
7047190
7049076
7049198
7049301
7049370
7050509
7050633
7050714
7050787
7051213
7052121
7052549
7052615
7052750
7053303
7053395
7053551
7053573
7053688
7054386
7054711
7056012
7060337
7060538
7061652
7061692
7062423
7062688
7063118
7063725
7063795
7065015
7065152
7065415
7065609
7066522
7066698
7066922
7067315
7067419
7068417
7068598
7069031
7070563
7071661
7072206
7072375
7072807
7072906
7073605
7073746
7073878
7074029
7074501
7074648
7074982
7075059
7075114
7075688
7075691
7075719
7075998
7076121
7076806
7076922
7077226
7077960
7078176
7078612
7078660
7078813
7079214
7079357
7079658
7079782
7079850
7079854
7079975
7079996
7080155
7080569
7080639
7080777
7081114
7081379
7081383
7081386
7081572
7082292
7082349
7082616
7082683
7082701
7082867
7083203
7083284
7083584
7083636
7083848
7083900
7084011
7084189
7084199
7084600
7084725
7085109
7085180
7085266
7085454
7085636
7086108
7086323
7086385
7087228
7087420
7087461
7087768
7087793
7087908
7087976
7087995
7088053
7088118
7088427
7088924
7089029
7089404
7089424
7089817
7089889
7090009
7090193
7090356
7090378
7090383
7090597
7090834
7090922
7090989
7091245
7091334
7091570
7091607
7091894
7091951
7092524
7093396
7093535
7093955
7094032
7094277
7094472
7095035
7095302
7095442
7095599
7095790
7095819
7095821
7096000
7096068
7096133
7096289
7096485
7096501
7096698
7096705
7096818
7096827
7097532
7097830
7098534
7098692
7098752
7099099
7099121
7099140
7099195
7099356
7099439
7099707
7099873
7100024
7100230
7100469
7100598
7100728
7100737
7100896
7101174
7101588
7101750
7101783
7102092
7102379
7102386
7103003
7103113
7103429
7103534
7103599
7103671
7103685
7103731
7103737
7103793
7103831
7103833
7103904
7103918
7104143
7104397
7104465
7104494
7104556
7104585
7104815
7104876
7104877
7105142
7105149
7105159
7105202
7105666
7105750
7105807
7105917
7106061
7504046
