567202608081628464473435481
571202608061022415923486836
571202608061432105507515167
571202608061507595092193072
571202608072056265617626333
571202608072056265617627344
571202608091127266068109704
571202608111826586179067872
572202608050802185727566992
572202608071546585989474855
572202608072104475608103934
572202608081038506020613443
572202608081857214890895112
572202608092112535769222117
572202608100818396105492821
572202608100832322131881988
572202608100838275352106994
572202608101351276119715261
572202608101413405920888458
572202608111527024613903163
573202608061653175943681293
573202608062207533325373288
573202608070713445938102497
573202608090812396059163011
573202608091738176071619648
573202608092358183496239570
573202608100923326107784356
573202608101739125550755267
573202608111312005940874921
573202608112303396188916792
